INFO: ====== Begin cmd ======
[EXPLORE] Sampling 212,753 rows / 104 RGs ...
======================================================================
PCVR Data Explorer Report
Time: 2026-05-02 01:05:44
======================================================================
======================================================================
0. Dataset Overview
======================================================================
Data dir : /data_ams/industrial_training_data
Files : 1000 | RowGroups: 1044 | Total rows: 2,099,956
Sampled : 212,753 rows (104 RGs, ratio=0.1)
Columns : 120
user_int : 46 feats (dim=476)
item_int : 14 feats (dim=33)
user_dense: 10 feats (dim=983)
item_dense: 0 feats (dim=0)
seq domains: 4 (seq_a, seq_b, seq_c, seq_d)
======================================================================
1. Label Distribution
======================================================================
Total : 212,753
Pos (1) : 21,626 (10.1648%)
Neg (0) : 191,127 (89.8352%)
Ratio : 1:8.8
======================================================================
2. user_int_feats Features
======================================================================
fid vocab dim zero% mean(nz) max OOB
1 6 1 0.0001 3.6 5 0
3 1,916 1 0.0259 956.2 1,839 0
4 1,018 1 0.0259 485.1 991 0
15 1,173 26 0.8712 546.2 1,172 0
48 101 1 0.0015 53.4 98 0
49 3 1 0.0044 1.6 2 0
50 4 1 0.0022 1.9 3 0
51 160 1 0.0005 56.1 154 0
52 193 1 0.0005 88.4 187 0
53 563 1 0.0005 284.3 558 0
54 2,862 1 0.3179 1457.1 2,858 0
55 44 1 0.0137 28.9 43 0
56 1,456 1 0.0137 743.3 1,436 0
57 257 1 0.0219 128.9 252 0
58 3 1 0.1586 1.8 2 0
59 17 1 0.1586 7.4 14 0
60 3 2 0.7695 1.5 2 0
62 11 7 0.6919 5.8 10 0
63 49 20 0.8817 28.6 47 0
64 51 33 0.8792 23.0 50 0
65 447 116 0.9483 212.4 442 0
66 1,485 201 0.9578 782.7 1,472 0
80 13 6 0.8319 7.6 12 0
82 24 1 0.2226 9.0 23 0
86 252 1 0.7101 92.6 245 0
89 10 10 0.1356 5.0 9 0
90 10 10 0.1635 5.0 9 0
91 10 10 0.5426 5.0 9 0
92 3 1 0.5033 1.4 2 0
93 38 1 0.2055 14.7 37 0
94 7 1 0.5287 3.6 6 0
95 4 1 0.3681 2.7 3 0
96 4 1 0.7178 1.8 3 0
97 4 1 0.3045 1.5 3 0
98 4 1 0.0913 2.7 3 0
99 4 1 0.8107 2.9 3 0
100 4 1 0.8479 1.9 3 0
101 4 1 0.9173 2.9 3 0
102 4 1 0.8940 1.1 3 0
103 4 1 0.8829 2.7 3 0
104 4 1 0.3888 2.5 3 0
105 4 1 0.3259 2.3 3 0
106 4 1 0.1396 1.8 3 0
107 4 1 0.3483 1.1 3 0
108 8 1 0.5256 5.5 7 0
109 8 1 0.8750 3.3 7 0
======================================================================
2. item_int_feats Features
======================================================================
fid vocab dim zero% mean(nz) max OOB
5 309 1 0.0007 126.8 294 0
6 943 1 0.0432 422.7 896 0
7 2,533 1 0.1498 1176.0 2,379 0
8 2,213 1 0.6172 989.7 2,109 0
9 42 1 0.0007 19.8 41 0
10 318 1 0.0007 159.7 305 0
11 23,832 20 0.9099 11298.2 21,621 0
12 2,533 1 0.1498 1111.3 2,378 0
13 9 1 0.0007 4.6 8 0
16 25,495 1 0.0010 11159.1 22,878 0
81 3 1 0.7078 1.4 2 0
83 32 1 0.8862 16.7 31 0
84 234 1 0.8862 133.0 226 0
85 1,084 1 0.8862 474.1 1,019 0
======================================================================
3. user_dense_feats Features
======================================================================
fid dim mean std min max zero%
61 256 -0.000805 0.062312 -2.797090 3.243134 0.0014
62 7 48050.952643 248621.753892 0.000000 53264052.000000 0.6919
63 20 18535.055379 158286.375868 0.000000 49416544.000000 0.8769
64 33 16455.393757 159538.942767 0.000000 53264052.000000 0.8792
65 116 8425.436821 140569.873673 0.000000 218424400.000000 0.9483
66 201 11387.675178 196426.349351 0.000000 218424400.000000 0.9578
87 320 -0.003796 0.106277 -0.744900 0.706900 0.6382
89 10 -0.000042 0.309902 -0.890600 0.913700 0.0425
90 10 -0.000043 0.304864 -0.890600 0.912000 0.0735
91 10 -0.000012 0.225435 -0.924900 0.920600 0.4928
======================================================================
4. Sequence Features
======================================================================
Domain: seq_a prefix=domain_a_seq ts_fid=39 feats=9
Sequences: 212,753 mean=749.3 min=0 max=2000
Percentiles(sampled): p50=550 p90=1891 p95=1958 p99=1985
fid vocab OOB OOB%
38 889,551 0 0.0000 OK
39 0 0 0.0000 OK
40 19 0 0.0000 OK
41 12 0 0.0000 OK
42 1,028 0 0.0000 OK
43 3,498 0 0.0000 OK
44 13,692 0 0.0000 OK
45 8,175 0 0.0000 OK
46 18 0 0.0000 OK
Domain: seq_b prefix=domain_b_seq ts_fid=67 feats=14
Sequences: 212,753 mean=751.1 min=0 max=2000
Percentiles(sampled): p50=529 p90=1917 p95=1960 p99=1988
fid vocab OOB OOB%
67 0 0 0.0000 OK
68 28 0 0.0000 OK
69 85,946,394 0 0.0000 OK
70 740 0 0.0000 OK
71 2,729 0 0.0000 OK
72 10,572 0 0.0000 OK
73 6,985 0 0.0000 OK
74 531,477 0 0.0000 OK
75 31 0 0.0000 OK
76 143,746 0 0.0000 OK
77 168 0 0.0000 OK
78 4,340 0 0.0000 OK
79 11,623 0 0.0000 OK
88 249,080 0 0.0000 OK
Domain: seq_c prefix=domain_c_seq ts_fid=27 feats=12
Sequences: 212,753 mean=521.5 min=0 max=3999
Percentiles(sampled): p50=368 p90=1084 p95=1468 p99=2457
fid vocab OOB OOB%
27 0 0 0.0000 OK
28 75 0 0.0000 OK
29 6,551,861 0 0.0000 OK
30 864 0 0.0000 OK
31 6,896 0 0.0000 OK
32 7 0 0.0000 OK
33 5 0 0.0000 OK
34 1,292,419 0 0.0000 OK
35 2,998 0 0.0000 OK
36 1,134,859 0 0.0000 OK
37 9,697 0 0.0000 OK
47 125,610,776 0 0.0000 OK
Domain: seq_d prefix=domain_d_seq ts_fid=26 feats=10
Sequences: 212,753 mean=2406.8 min=0 max=4000
Percentiles(sampled): p50=2667 p90=3782 p95=3842 p99=3923
fid vocab OOB OOB%
17 5 0 0.0000 OK
18 980 0 0.0000 OK
19 3,469 0 0.0000 OK
20 11,510 0 0.0000 OK
21 5,156 0 0.0000 OK
22 443,147 0 0.0000 OK
23 630,399 0 0.0000 OK
24 626 0 0.0000 OK
25 15 0 0.0000 OK
26 0 0 0.0000 OK
======================================================================
5. Timestamp Statistics
======================================================================
Count : 212,753
Min : 1772248238 (2026-02-28 11:10:38)
Max : 1772588965 (2026-03-04 09:49:25)
Range : 3.9 days
======================================================================
Done
======================================================================
Elapsed : 270.9s
Processed: 212,753 rows / 104 RGs
Lines : 165
[EXPLORE] Total output lines: 166